{
  "nbformat": 4,
  "nbformat_minor": 0,
  "metadata": {
    "colab": {
      "provenance": [],
      "authorship_tag": "ABX9TyMtV/o1mdWbmPqpdyK/KHbo",
      "include_colab_link": true
    },
    "kernelspec": {
      "name": "python3",
      "display_name": "Python 3"
    },
    "language_info": {
      "name": "python"
    }
  },
  "cells": [
    {
      "cell_type": "markdown",
      "metadata": {
        "id": "view-in-github",
        "colab_type": "text"
      },
      "source": [
        "<a href=\"https://colab.research.google.com/github/shirin6767saleh/code-/blob/Fnew/Hmatrix.ipynb\" target=\"_parent\"><img src=\"https://colab.research.google.com/assets/colab-badge.svg\" alt=\"Open In Colab\"/></a>"
      ]
    },
    {
      "cell_type": "code",
      "execution_count": 2,
      "metadata": {
        "colab": {
          "base_uri": "https://localhost:8080/"
        },
        "id": "h9TJG_01I1DP",
        "outputId": "82e42b84-0179-4548-82ee-5e8e496b6e31"
      },
      "outputs": [
        {
          "output_type": "stream",
          "name": "stdout",
          "text": [
            "Results for M = 0:\n",
            "H^2 (Second power):\n",
            "[[-2.25561064e-17+8.10779886e-17j  1.00000000e+00+4.75015566e-18j\n",
            "  -5.49268654e-18+1.44199128e-17j -1.78131577e-16-3.91964219e-17j\n",
            "   1.74257689e-16-8.74735844e-17j  3.71518921e-16+1.26346690e-17j\n",
            "   1.95326991e-16+1.66077980e-16j -1.93833556e-16+4.95157641e-17j]\n",
            " [ 1.00000000e+00-4.75015566e-18j -2.25561064e-17-8.10779886e-17j\n",
            "   6.10038378e-17-2.48282537e-17j  1.22620425e-16-1.82848183e-16j\n",
            "  -7.01742807e-17+1.11457515e-17j -1.91107679e-16+2.23287724e-16j\n",
            "  -2.18546432e-17+5.59666245e-17j  4.11778902e-17+1.23956583e-16j]\n",
            " [-5.49268654e-18-1.19060653e-17j  6.10038378e-17-1.19060653e-17j\n",
            "  -4.59687957e-17-9.13209892e-17j  2.73857986e-16+2.65554175e-17j\n",
            "   1.87754221e-16+1.01737910e-16j  1.67488017e-17-1.28812261e-17j\n",
            "   6.38252111e-18-1.45184960e-16j -1.00000000e+00-6.28081871e-16j]\n",
            " [-1.78131577e-16-4.00262654e-17j  1.22620425e-16-2.06559719e-16j\n",
            "   2.73857986e-16+1.78042016e-17j  2.09795673e-16+4.63958717e-16j\n",
            "  -3.41508724e-16+1.46968961e-16j -9.38651001e-17-1.59037282e-17j\n",
            "  -1.00000000e+00-1.63554536e-16j -2.35431863e-16+3.19626964e-16j]\n",
            " [ 1.74257689e-16-1.00456514e-16j -7.01742807e-17-3.31199894e-18j\n",
            "   1.87754221e-16+8.65751474e-17j -3.41508724e-16+1.37124598e-16j\n",
            "  -1.16775066e-16+1.11910927e-16j -1.00000000e+00-4.97978036e-16j\n",
            "  -1.02605561e-16+1.08560852e-16j  1.96750480e-16+1.26246406e-16j]\n",
            " [ 3.71518921e-16+1.13325868e-17j -1.91107679e-16+2.33377192e-16j\n",
            "   1.67488017e-17-1.61953708e-17j -9.38651001e-17-2.00030332e-17j\n",
            "  -1.00000000e+00-5.08622833e-16j -8.74858942e-17+2.19700238e-16j\n",
            "  -4.92509665e-17-1.18672731e-17j  1.64522939e-16+1.83914114e-16j]\n",
            " [ 1.95886632e-16+1.67196402e-16j -3.51727901e-17+5.70850457e-17j\n",
            "  -8.07501690e-17-1.50834482e-16j -1.00000000e+00-1.61360314e-16j\n",
            "  -4.84491746e-17+1.17993638e-16j -2.49590103e-17-2.55432577e-17j\n",
            "  -5.55111512e-16+1.17636238e-16j  4.79039117e-17-1.84115167e-17j]\n",
            " [-1.85130957e-16+5.35448519e-17j  3.60027012e-17+1.62680141e-16j\n",
            "  -1.00000000e+00-6.31947834e-16j -1.87466485e-16+2.92740127e-16j\n",
            "   1.75204989e-16+1.31830535e-16j  1.78355785e-16+2.11675517e-16j\n",
            "   4.79039117e-17-1.84115167e-17j  1.66533454e-16+3.99717133e-17j]]\n",
            "H^4 (Fourth power):\n",
            "[[ 1.00000000e+00+3.25331528e-32j -4.51122128e-17+1.03912796e-31j\n",
            "   2.54837394e-16-7.43440178e-17j -7.27065653e-17-3.48926163e-16j\n",
            "  -4.41693202e-16-1.48891749e-18j -3.65365369e-16+3.10761308e-16j\n",
            "   1.56276934e-16+9.51630464e-17j  4.66705767e-17+1.09536671e-16j]\n",
            " [-4.51122128e-17+1.09097359e-31j  1.00000000e+00-1.25924694e-31j\n",
            "  -4.66705767e-17-1.09536671e-16j -1.56276934e-16-9.51630464e-17j\n",
            "   3.65365369e-16-3.10761308e-16j  4.41693202e-16+1.48891749e-18j\n",
            "   7.27065653e-17+3.48926163e-16j -2.54837394e-16+7.43440178e-17j]\n",
            " [ 2.46134795e-16-6.54509172e-17j -4.14953877e-17-1.74586206e-16j\n",
            "   1.00000000e+00+1.26002971e-15j  1.81083964e-16-1.47555167e-16j\n",
            "  -1.91953790e-16-1.18949309e-16j -3.66110006e-16-3.13413427e-16j\n",
            "  -3.21761898e-16-8.14390076e-18j -1.20564658e-16+5.13492759e-17j]\n",
            " [-7.32662062e-17-3.73756121e-16j -1.42958787e-16-9.71113111e-17j\n",
            "   3.16182032e-16-1.68792482e-16j  1.00000000e+00+3.24914850e-16j\n",
            "   1.42314275e-16-1.02089910e-16j  3.66467734e-16-1.21425703e-16j\n",
            "   3.45315840e-16-5.81594954e-16j -3.21761898e-16+6.07315155e-19j]\n",
            " [-4.41693202e-16-1.46445857e-17j  3.65365369e-16-3.33833705e-16j\n",
            "  -2.13499282e-16-1.10051035e-16j  1.96470661e-16-8.85578185e-17j\n",
            "   1.00000000e+00+1.00660087e-15j  2.04260960e-16-3.31611165e-16j\n",
            "   3.90759691e-16-1.25257325e-16j -3.52277160e-16-2.70489261e-16j]\n",
            " [-3.65365369e-16+3.33833705e-16j  4.41693202e-16+1.46445857e-17j\n",
            "  -3.52277160e-16-2.70489261e-16j  3.90759691e-16-1.25257325e-16j\n",
            "   2.04260960e-16-3.31611165e-16j  1.00000000e+00+1.00660087e-15j\n",
            "   1.96470661e-16-8.85578185e-17j -2.13499282e-16-1.10051035e-16j]\n",
            " [ 1.42958787e-16+9.71113111e-17j  7.32662062e-17+3.73756121e-16j\n",
            "  -3.21761898e-16+6.07315155e-19j  3.45315840e-16-5.81594954e-16j\n",
            "   3.66467734e-16-1.21425703e-16j  1.42314275e-16-1.02089910e-16j\n",
            "   1.00000000e+00+3.24914850e-16j  3.16182032e-16-1.68792482e-16j]\n",
            " [ 4.14953877e-17+1.74586206e-16j -2.46134795e-16+6.54509172e-17j\n",
            "  -1.20564658e-16+5.13492759e-17j -3.21761898e-16-8.14390076e-18j\n",
            "  -3.66110006e-16-3.13413427e-16j -1.91953790e-16-1.18949309e-16j\n",
            "   1.81083964e-16-1.47555167e-16j  1.00000000e+00+1.26002971e-15j]]\n",
            "----------------------------------------\n",
            "Results for M = 1:\n",
            "H^2 (Second power):\n",
            "[[ 1.33185092e-16+1.11022302e-16j -6.70078871e-17+1.33185092e-16j\n",
            "   1.00000000e+00-1.47633837e-32j -1.05104718e-17-1.60940668e-16j\n",
            "   7.76739411e-17-1.11022302e-16j  1.89935449e-16+4.99183654e-17j\n",
            "   5.59278579e-18+2.08166817e-16j -2.67045284e-16+1.02737300e-16j]\n",
            " [-6.70078871e-17+1.33185092e-16j  1.00000000e+00+0.00000000e+00j\n",
            "  -6.70078871e-17-1.33185092e-16j  1.05429517e-16-1.16615088e-16j\n",
            "   1.48302086e-16+4.99183654e-17j  5.59278579e-18+2.22044605e-16j\n",
            "  -2.77964280e-16+1.02737300e-16j -3.38659693e-16-3.27474122e-16j]\n",
            " [ 1.00000000e+00+1.47633837e-32j -6.70078871e-17-1.33185092e-16j\n",
            "   1.33185092e-16-1.11022302e-16j  1.77043926e-16+4.99183654e-17j\n",
            "   1.94705736e-17+2.35922393e-16j -2.64086492e-16+1.02737300e-16j\n",
            "  -3.38659693e-16-3.33066907e-16j  4.33578738e-16-9.21526781e-16j]\n",
            " [-1.05104718e-17-1.60940668e-16j  1.05429517e-16-1.16615088e-16j\n",
            "   1.77043926e-16+4.99183654e-17j  5.59278579e-18+2.22044605e-16j\n",
            "  -2.78950544e-16+1.16615088e-16j -3.38659693e-16-3.27474122e-16j\n",
            "   3.80040115e-16-9.63160145e-16j  1.00000000e+00+2.22044605e-15j]\n",
            " [ 7.76739411e-17-1.11022302e-16j  1.48302086e-16+4.99183654e-17j\n",
            "   1.94705736e-17+2.35922393e-16j -2.78950544e-16+1.02737300e-16j\n",
            "  -3.10904118e-16-3.33066907e-16j  4.36537530e-16-9.21526781e-16j\n",
            "   1.00000000e+00+2.22044605e-15j -5.39838937e-16-1.21565254e-15j]\n",
            " [ 1.89935449e-16+7.76739411e-17j  5.59278579e-18+2.22044605e-16j\n",
            "  -2.64086492e-16+1.16615088e-16j -3.38659693e-16-3.27474122e-16j\n",
            "   4.36537530e-16-9.21526781e-16j  1.00000000e+00+2.22044605e-15j\n",
            "  -4.87286577e-16-1.18789697e-15j  5.49518727e-16-5.60704298e-16j]\n",
            " [ 5.59278579e-18+2.22044605e-16j -2.77964280e-16+1.02737300e-16j\n",
            "  -3.38659693e-16-3.33066907e-16j  4.03189169e-16-9.34996045e-16j\n",
            "   1.00000000e+00+2.22044605e-15j -5.13069625e-16-1.19660413e-15j\n",
            "   5.55111512e-16-5.55111512e-16j  5.82853454e-16+2.43798871e-16j]\n",
            " [-2.97434854e-16+1.32873928e-16j -3.38659693e-16-3.27474122e-16j\n",
            "   4.03189169e-16-9.33023517e-16j  1.00000000e+00+2.22044605e-15j\n",
            "  -5.34512727e-16-1.20612833e-15j  5.49518727e-16-5.60704298e-16j\n",
            "   5.82853454e-16+2.43798871e-16j  0.00000000e+00+6.66133815e-16j]]\n",
            "H^4 (Fourth power):\n",
            "[[ 1.00000000e+00-4.15404543e-32j -1.34015774e-16+2.42792256e-32j\n",
            "   2.66370185e-16+2.14333309e-31j -9.00013588e-17+1.52655666e-16j\n",
            "   2.50633594e-17+4.44089210e-16j -7.41510430e-17+1.52655666e-16j\n",
            "  -2.60985752e-16-4.44089210e-16j  4.23068266e-16-1.08246745e-15j]\n",
            " [-1.34015774e-16+2.03226637e-32j  1.00000000e+00+1.57390318e-31j\n",
            "  -1.34015774e-16+1.84156694e-31j -2.33230177e-16-4.44089210e-16j\n",
            "  -1.29662194e-16+1.52655666e-16j  1.11855716e-17+4.44089210e-16j\n",
            "  -1.29662194e-16+1.52655666e-16j -2.33230177e-16-4.44089210e-16j]\n",
            " [ 2.66370185e-16+2.40791101e-31j -1.34015774e-16+1.70233800e-31j\n",
            "   1.00000000e+00-5.93285658e-31j  4.23068266e-16-1.08246745e-15j\n",
            "  -2.60985752e-16-4.44089210e-16j -7.41510430e-17+1.52655666e-16j\n",
            "   2.50633594e-17+4.44089210e-16j -9.00013588e-17+1.52655666e-16j]\n",
            " [-1.20390928e-16+1.82792293e-16j -2.33230177e-16-4.44089210e-16j\n",
            "   3.92678697e-16-1.09396418e-15j  1.00000000e+00+4.44089210e-15j\n",
            "  -1.54472612e-16-2.16928848e-15j  2.10859033e-16-8.88178420e-16j\n",
            "   3.03902910e-16+3.60413959e-16j  5.59278579e-18+8.88178420e-16j]\n",
            " [ 2.50633594e-17+4.57966998e-16j -1.29662194e-16+1.52655666e-16j\n",
            "  -2.60985752e-16-4.44089210e-16j -1.36649768e-16-2.15064859e-15j\n",
            "   1.00000000e+00+4.44089210e-15j -7.65320949e-17-2.11813091e-15j\n",
            "   2.44207395e-16-8.88178420e-16j  3.03902910e-16+3.46536171e-16j]\n",
            " [-7.41510430e-17+1.94289029e-16j  1.11855716e-17+4.44089210e-16j\n",
            "  -7.41510430e-17+1.94289029e-16j  2.10859033e-16-8.88178420e-16j\n",
            "  -5.07490473e-17-2.10942375e-15j  1.00000000e+00+4.44089210e-15j\n",
            "  -5.07490473e-17-2.10942375e-15j  2.10859033e-16-8.88178420e-16j]\n",
            " [-2.60985752e-16-4.44089210e-16j -1.29662194e-16+1.52655666e-16j\n",
            "   2.50633594e-17+4.57966998e-16j  3.03902910e-16+3.46536171e-16j\n",
            "   2.44207395e-16-8.88178420e-16j -7.65320949e-17-2.11813091e-15j\n",
            "   1.00000000e+00+4.44089210e-15j -1.36649768e-16-2.15064859e-15j]\n",
            " [ 3.92678697e-16-1.09396418e-15j -2.33230177e-16-4.44089210e-16j\n",
            "  -1.20390928e-16+1.82792293e-16j  5.59278579e-18+8.88178420e-16j\n",
            "   3.03902910e-16+3.60413959e-16j  2.10859033e-16-8.88178420e-16j\n",
            "  -1.54472612e-16-2.16928848e-15j  1.00000000e+00+4.44089210e-15j]]\n",
            "----------------------------------------\n",
            "Results for M = 2:\n",
            "H^2 (Second power):\n",
            "[[-6.51655062e-17-4.72068128e-17j  6.04946407e-17+1.98215536e-17j\n",
            "   8.89429831e-18+9.41321270e-18j  1.00000000e+00+7.94491239e-18j\n",
            "   1.72106903e-16+3.77223181e-17j -1.52316983e-16+5.84628981e-17j\n",
            "  -1.70680089e-16-1.69844627e-16j -1.70649493e-16-5.07015406e-17j]\n",
            " [ 6.04946407e-17-2.33430889e-17j -7.02601737e-17+5.69835594e-17j\n",
            "   1.00000000e+00+1.47240820e-18j  1.93026392e-17-8.12950044e-17j\n",
            "  -3.21680624e-17+8.49724689e-17j  1.44627763e-16+8.89182251e-18j\n",
            "   2.32776018e-16-1.13325868e-17j  2.08635859e-16+7.37851077e-17j]\n",
            " [ 8.89429831e-18+5.10986645e-17j  1.00000000e+00-1.47240820e-18j\n",
            "  -7.02601737e-17-5.69835594e-17j  7.09029816e-17+5.35394288e-17j\n",
            "   4.60458502e-17-2.94613176e-17j -1.65444444e-16-2.27696103e-17j\n",
            "  -2.18898230e-16+1.08477101e-16j  2.72865338e-17+7.88705581e-17j]\n",
            " [ 1.00000000e+00+2.10400238e-18j  1.93026392e-17-4.06382353e-17j\n",
            "   7.09029816e-17+1.14034690e-17j -1.17207210e-16+4.06273449e-17j\n",
            "   1.52432324e-17+4.41598409e-19j  1.47112813e-16-1.10504602e-16j\n",
            "   1.93231494e-16-1.18119470e-16j  1.08199448e-16-2.90957392e-17j]\n",
            " [ 1.72106903e-16+1.20015812e-18j -3.21680624e-17+7.89736968e-17j\n",
            "   4.60458502e-17-3.20486056e-17j  1.52432324e-17-4.17109873e-18j\n",
            "   9.59443565e-17+1.10774849e-16j -1.18371078e-16-6.61941862e-17j\n",
            "   1.42171617e-16+1.30211868e-16j -1.00000000e+00+7.95950874e-17j]\n",
            " [-1.52316983e-16+2.12265629e-17j  1.44627763e-16+2.25561064e-17j\n",
            "  -1.65444444e-16-5.19946922e-18j  1.47112813e-16-7.88920317e-17j\n",
            "  -1.18371078e-16-5.76502423e-17j  6.26939662e-17+2.05096340e-16j\n",
            "  -1.00000000e+00-2.70520465e-16j -3.06711947e-16+1.25800764e-16j]\n",
            " [-1.67103034e-16-1.80177259e-16j  2.40194709e-16-2.94191097e-17j\n",
            "  -2.25357328e-16+1.04268366e-16j  1.75285826e-16-1.21017842e-16j\n",
            "   1.45674489e-16+1.30526353e-16j -1.00000000e+00-2.75648307e-16j\n",
            "  -3.88578059e-16+2.12474343e-16j -1.06020260e-16-1.97146405e-16j]\n",
            " [-1.70851686e-16-5.33050023e-17j  1.95002299e-16+7.39522588e-17j\n",
            "  -2.24813554e-19+4.43432397e-17j  4.51877842e-17-4.05399047e-17j\n",
            "  -1.00000000e+00+8.35359333e-17j -2.40281472e-16+1.13060363e-16j\n",
            "  -1.06020260e-16-1.97146405e-16j -4.44089210e-16+4.67301680e-17j]]\n",
            "H^4 (Fourth power):\n",
            "[[ 1.00000000e+00+1.00489148e-17j  2.81969375e-17-3.12250226e-17j\n",
            "   1.31397622e-16+3.12250226e-17j -1.82372717e-16-6.57946781e-18j\n",
            "   1.85892725e-16+5.11431391e-17j  3.17792902e-16+5.93400243e-17j\n",
            "   3.45548477e-16-1.76582368e-16j -6.39074551e-17-6.68180573e-17j]\n",
            " [ 2.81969375e-17-3.01963399e-17j  1.00000000e+00+8.94479482e-33j\n",
            "  -1.40520347e-16+3.34600870e-32j  1.31397622e-16+3.01963399e-17j\n",
            "  -1.62590009e-16-1.03246425e-16j -3.98220463e-16-1.14370235e-17j\n",
            "  -3.63525993e-16+9.95852789e-17j  5.94545962e-17-6.10191073e-18j]\n",
            " [ 1.31397622e-16+3.01963399e-17j -1.40520347e-16+4.59315026e-32j\n",
            "   1.00000000e+00-3.11514484e-32j  2.81969375e-17-3.01963399e-17j\n",
            "  -5.94545962e-17+6.10191073e-18j  3.63525993e-16-9.95852789e-17j\n",
            "   3.98220463e-16+1.14370235e-17j  1.62590009e-16+1.03246425e-16j]\n",
            " [-1.82372717e-16-6.57946781e-18j  1.31397622e-16+3.12250226e-17j\n",
            "   2.81969375e-17-3.12250226e-17j  1.00000000e+00+1.00489148e-17j\n",
            "   6.39074551e-17+6.68180573e-17j -3.45548477e-16+1.76582368e-16j\n",
            "  -3.17792902e-16-5.93400243e-17j -1.85892725e-16-5.11431391e-17j]\n",
            " [ 1.86094918e-16+4.91339036e-17j -1.48956449e-16-1.06000864e-16j\n",
            "  -3.19432488e-17+3.46304571e-17j  1.26919119e-16+4.17400628e-17j\n",
            "   1.00000000e+00-1.63131021e-16j  9.81098557e-17-2.43272232e-16j\n",
            "   2.24391337e-16+2.63340592e-16j  3.48144853e-16-1.57505017e-16j]\n",
            " [ 3.14215847e-16+1.01285228e-16j -4.05639153e-16+2.42196405e-17j\n",
            "   3.69985090e-16-8.17122600e-17j -3.27602809e-16+1.42244405e-16j\n",
            "   1.61037458e-16-2.56327117e-16j  1.00000000e+00+5.46168772e-16j\n",
            "   3.25884092e-16-4.17570683e-16j  2.24391337e-16+2.54796648e-16j]\n",
            " [ 3.27602809e-16-1.42244405e-16j -3.69985090e-16+8.17122600e-17j\n",
            "   4.05639153e-16-2.42196405e-17j -3.14215847e-16-1.01285228e-16j\n",
            "   2.24391337e-16+2.54796648e-16j  3.25884092e-16-4.17570683e-16j\n",
            "   1.00000000e+00+5.46168772e-16j  1.61037458e-16-2.56327117e-16j]\n",
            " [-1.26919119e-16-4.17400628e-17j  3.19432488e-17-3.46304571e-17j\n",
            "   1.48956449e-16+1.06000864e-16j -1.86094918e-16-4.91339036e-17j\n",
            "   3.48144853e-16-1.57505017e-16j  2.24391337e-16+2.63340592e-16j\n",
            "   9.81098557e-17-2.43272232e-16j  1.00000000e+00-1.63131021e-16j]]\n",
            "----------------------------------------\n",
            "Results for M = 3:\n",
            "H^2 (Second power):\n",
            "[[-5.59278579e-18+2.22044605e-16j -1.56022982e-16-6.70078871e-17j\n",
            "   1.16615088e-16-1.05429517e-16j  7.27562550e-17+1.55036718e-16j\n",
            "   1.00000000e+00+4.62637368e-35j  4.30281514e-17-1.70887034e-16j\n",
            "   1.16615088e-16+1.05429517e-16j -1.57995510e-16+8.28582029e-17j]\n",
            " [-1.56022982e-16-8.18719389e-17j  1.24900090e-16-1.11022302e-16j\n",
            "   1.62588398e-17+1.56022982e-16j  1.00000000e+00-1.84889275e-32j\n",
            "   7.27562550e-17-1.56022982e-16j  1.17961196e-16+1.11022302e-16j\n",
            "  -1.43131458e-16+6.60216231e-17j -1.38777878e-17-2.22044605e-16j]\n",
            " [ 1.16615088e-16-1.05429517e-16j  1.62588398e-17+1.56022982e-16j\n",
            "   1.00000000e+00+0.00000000e+00j  1.62588398e-17-1.56022982e-16j\n",
            "   1.16615088e-16+1.05429517e-16j -1.84764821e-16+6.79941511e-17j\n",
            "  -5.59278579e-18-2.22044605e-16j  2.77147232e-16+1.02484359e-16j]\n",
            " [ 7.27562550e-17+1.56022982e-16j  1.00000000e+00+1.84889275e-32j\n",
            "   1.62588398e-17-1.56022982e-16j  1.24900090e-16+1.11022302e-16j\n",
            "  -1.56022982e-16+8.18719389e-17j  6.47112461e-32-2.22044605e-16j\n",
            "   2.91025020e-16+8.66340428e-17j -3.33066907e-16+3.33066907e-16j]\n",
            " [ 1.00000000e+00-4.62637368e-35j  7.27562550e-17-1.55036718e-16j\n",
            "   1.16615088e-16+1.05429517e-16j -1.56022982e-16+6.70078871e-17j\n",
            "  -5.59278579e-18-2.22044605e-16j  2.76160968e-16+8.76203068e-17j\n",
            "  -3.27474122e-16+3.38659693e-16j -3.69360427e-16-9.15525471e-16j]\n",
            " [ 4.30281514e-17-1.28267406e-16j  1.17961196e-16+1.11022302e-16j\n",
            "  -1.84764821e-16+6.79941511e-17j  6.47112461e-32-2.15105711e-16j\n",
            "   2.76160968e-16+1.02484359e-16j -2.98372438e-16+3.33066907e-16j\n",
            "  -3.68374163e-16-9.42294783e-16j  1.00000000e+00+1.33226763e-15j]\n",
            " [ 1.16615088e-16+1.05429517e-16j -1.55036718e-16+7.47287830e-17j\n",
            "  -5.59278579e-18-2.22044605e-16j  2.89052492e-16+1.09218991e-16j\n",
            "  -3.27474122e-16+3.38659693e-16j -3.42591115e-16-9.51001943e-16j\n",
            "   1.00000000e+00+1.33226763e-15j  5.13886673e-16-1.20753676e-15j]\n",
            " [-1.62602032e-16+7.02196209e-17j -1.97215226e-31-2.22044605e-16j\n",
            "   2.77147232e-16+1.02484359e-16j -3.33066907e-16+3.33066907e-16j\n",
            "  -3.73966949e-16-9.28164053e-16j  1.00000000e+00+1.33226763e-15j\n",
            "   5.13886673e-16-1.20753676e-15j  5.55111512e-16+5.55111512e-16j]]\n",
            "H^4 (Fourth power):\n",
            "[[ 1.00000000e+00+5.93715793e-33j  1.45512510e-16+4.63078356e-33j\n",
            "   2.33230177e-16+3.08300441e-33j -3.12045964e-16-4.40031893e-33j\n",
            "  -1.11855716e-17+7.78442990e-32j  1.18165458e-16+1.70478510e-16j\n",
            "  -2.10859033e-16+4.44089210e-16j -3.26332275e-16-1.08641251e-15j]\n",
            " [ 1.45512510e-16+1.00558830e-32j  1.00000000e+00-1.37204306e-32j\n",
            "   3.25176795e-17-3.72432714e-32j  2.49800181e-16+3.96509511e-32j\n",
            "  -3.12045964e-16+3.18760890e-32j -1.38777878e-17-4.44089210e-16j\n",
            "   1.47893562e-16+1.52655666e-16j -2.15105711e-16+4.44089210e-16j]\n",
            " [ 2.33230177e-16-8.76644789e-33j  3.25176795e-17-3.31112005e-32j\n",
            "   1.00000000e+00+3.41643541e-32j  3.25176795e-17+2.41295497e-32j\n",
            "   2.33230177e-16-2.12764431e-31j  9.23824107e-17+1.70478510e-16j\n",
            "  -1.11855716e-17-4.44089210e-16j  9.23824107e-17+1.70478510e-16j]\n",
            " [-3.12045964e-16-6.09969751e-33j  2.49800181e-16+4.92476823e-32j\n",
            "   3.25176795e-17+2.68333095e-32j  1.00000000e+00-1.42977134e-31j\n",
            "   1.45512510e-16+1.96732306e-31j -2.15105711e-16+4.44089210e-16j\n",
            "   1.47893562e-16+1.52655666e-16j -1.38777878e-17-4.44089210e-16j]\n",
            " [-1.11855716e-17+9.62450329e-32j -3.12045964e-16+1.09805146e-32j\n",
            "   2.33230177e-16-2.06284905e-31j  1.45512510e-16+1.86026455e-31j\n",
            "   1.00000000e+00+4.97111083e-31j -3.26332275e-16-1.08641251e-15j\n",
            "  -2.10859033e-16+4.44089210e-16j  1.18165458e-16+1.70478510e-16j]\n",
            " [ 1.13558937e-16+1.72703980e-16j  2.52792270e-31-4.37150316e-16j\n",
            "   9.23824107e-17+1.70478510e-16j -2.15105711e-16+4.44089210e-16j\n",
            "  -3.30938797e-16-1.05643146e-15j  1.00000000e+00+2.66453526e-15j\n",
            "   1.45512510e-16-2.14983154e-15j  2.56739074e-16+8.88178420e-16j]\n",
            " [-2.10859033e-16+4.44089210e-16j  1.34015774e-16+1.83947774e-16j\n",
            "  -1.11855716e-17-4.44089210e-16j  1.34015774e-16+1.83947774e-16j\n",
            "  -2.10859033e-16+4.44089210e-16j  1.71295558e-16-2.15853870e-15j\n",
            "   1.00000000e+00+2.66453526e-15j  1.71295558e-16-2.15853870e-15j]\n",
            " [-3.30938797e-16-1.05643146e-15j -2.15105711e-16+4.44089210e-16j\n",
            "   9.23824107e-17+1.70478510e-16j  1.04464897e-31-4.37150316e-16j\n",
            "   1.13558937e-16+1.72703980e-16j  2.56739074e-16+8.88178420e-16j\n",
            "   1.45512510e-16-2.14983154e-15j  1.00000000e+00+2.66453526e-15j]]\n",
            "----------------------------------------\n",
            "Results for M = 4:\n",
            "H^2 (Second power):\n",
            "[[ 1.45960693e-16-1.23811081e-16j  1.27887786e-17+6.56765098e-17j\n",
            "   3.51043507e-17-1.32252673e-17j  7.59179518e-17-4.44502898e-17j\n",
            "   2.88445848e-17-1.61031771e-17j  1.00000000e+00+9.01863725e-18j\n",
            "   7.05368267e-17-3.21302708e-17j  1.95435039e-16+7.34877507e-18j]\n",
            " [ 1.27887786e-17+4.25045981e-17j -9.80157493e-17+3.04483660e-17j\n",
            "  -3.72208767e-17-4.72270440e-17j  9.46530104e-18+9.84897280e-17j\n",
            "   1.00000000e+00+1.08520664e-17j  1.08833564e-16-1.78880817e-17j\n",
            "  -1.84976239e-16+5.35394288e-17j -5.28753705e-17-7.88542401e-17j]\n",
            " [ 3.51043507e-17-1.82902746e-17j -3.72208767e-17-3.30870679e-17j\n",
            "   1.26776297e-17-2.26303644e-20j  1.00000000e+00-2.26303644e-20j\n",
            "   2.33430889e-17-1.49560147e-17j  3.31665970e-17+2.02078147e-17j\n",
            "   1.54534845e-16-4.58044621e-17j  8.80502348e-17+4.04332053e-17j]\n",
            " [ 7.59179518e-17-3.72208767e-17j  9.46530104e-18+5.33149232e-18j\n",
            "   1.00000000e+00+2.26303644e-20j  1.26776297e-17+2.26303644e-20j\n",
            "  -2.33430889e-17+4.27115903e-17j  6.39779177e-17-4.79633904e-17j\n",
            "  -8.81807343e-18+3.19266743e-17j -2.64992029e-16+4.28335215e-17j]\n",
            " [ 2.88445848e-17-8.71234654e-19j  1.00000000e+00+4.24610356e-18j\n",
            "   2.33430889e-17-1.05428622e-16j -2.33430889e-17+5.41659379e-17j\n",
            "  -9.80157493e-17-5.24854298e-17j  1.60665260e-17+5.95214452e-17j\n",
            "   3.23205735e-17+1.58495103e-17j  2.67981082e-16-1.43190365e-16j]\n",
            " [ 1.00000000e+00+9.12763214e-18j  1.08833564e-16-1.46264784e-17j\n",
            "   3.31665970e-17+2.30944690e-17j  6.39779177e-17-3.24166823e-17j\n",
            "   1.60665260e-17+3.24587390e-17j  1.30099559e-16+1.50757919e-17j\n",
            "  -9.70968179e-17-9.16518281e-17j  4.68871081e-17+2.41333414e-16j]\n",
            " [ 1.01524850e-16-7.61375302e-17j -1.97741993e-16+4.59293794e-17j\n",
            "   1.54871641e-16-5.57870397e-17j -1.54238380e-18+3.58218846e-17j\n",
            "   1.68691918e-17+2.02028122e-17j -1.26489943e-16-1.24531894e-16j\n",
            "   2.77555756e-16+1.68995136e-16j -1.00000000e+00-2.60002829e-16j]\n",
            " [ 1.61683610e-16-1.95731343e-17j -7.87689008e-17-7.43193476e-17j\n",
            "   8.11339712e-17+5.72527391e-17j -2.82316634e-16+3.18974797e-17j\n",
            "   2.65589861e-16-1.40569909e-16j  3.70876342e-17+2.25538698e-16j\n",
            "  -1.00000000e+00-2.60002829e-16j -2.22044605e-16+1.69161576e-16j]]\n",
            "H^4 (Fourth power):\n",
            "[[ 1.00000000e+00+1.81462694e-17j  1.37678149e-16-3.07296555e-17j\n",
            "   1.09084549e-16-2.13558208e-17j  9.90822684e-17-4.56419495e-17j\n",
            "   2.88553046e-17+9.81352488e-17j  2.76060253e-16-1.08735289e-16j\n",
            "  -2.92531857e-16-9.90006032e-17j -2.36497185e-17+2.73463685e-16j]\n",
            " [ 1.37678149e-16-1.87593164e-17j  1.00000000e+00+1.50981700e-17j\n",
            "   3.28083899e-17-6.93889390e-18j -6.05639655e-17+6.93889390e-18j\n",
            "  -1.96031499e-16-2.20370639e-17j  2.88553046e-17+1.02026043e-16j\n",
            "   8.51959440e-17+9.47037504e-17j  4.52957321e-16-1.96729794e-16j]\n",
            " [ 1.09084549e-16-1.70130619e-17j  3.28083899e-17-9.62452233e-18j\n",
            "   1.00000000e+00-6.88438337e-33j  2.53552594e-17-8.09841747e-33j\n",
            "  -6.05639655e-17+9.62452233e-18j  9.90822684e-17-6.62536649e-17j\n",
            "  -9.68683082e-17-8.50653096e-18j -4.19526875e-16+8.86379837e-17j]\n",
            " [ 9.90822684e-17-6.62536649e-17j -6.05639655e-17+9.62452233e-18j\n",
            "   2.53552594e-17-5.87210585e-33j  1.00000000e+00-3.35307862e-32j\n",
            "   3.28083899e-17-9.62452233e-18j  1.09084549e-16-1.70130619e-17j\n",
            "   4.19526875e-16-8.86379837e-17j  9.68683082e-17+8.50653096e-18j]\n",
            " [ 2.88553046e-17+1.02026043e-16j -1.96031499e-16-2.20370639e-17j\n",
            "  -6.05639655e-17+6.93889390e-18j  3.28083899e-17-6.93889390e-18j\n",
            "   1.00000000e+00+1.50981700e-17j  1.37678149e-16-1.87593164e-17j\n",
            "  -4.52957321e-16+1.96729794e-16j -8.51959440e-17-9.47037504e-17j]\n",
            " [ 2.76060253e-16-1.08735289e-16j  2.88553046e-17+9.81352488e-17j\n",
            "   9.90822684e-17-4.56419495e-17j  1.09084549e-16-2.13558208e-17j\n",
            "   1.37678149e-16-3.07296555e-17j  1.00000000e+00+1.81462694e-17j\n",
            "   2.36497185e-17-2.73463685e-16j  2.92531857e-16+9.90006032e-17j]\n",
            " [-2.88173553e-16-1.04958760e-16j  9.56380926e-17+9.45221598e-17j\n",
            "  -8.26763550e-17-2.14308544e-17j  4.37188275e-16-8.76845194e-17j\n",
            "  -4.63331854e-16+1.86499288e-16j  6.44372160e-17-3.01676228e-16j\n",
            "   1.00000000e+00+5.20005658e-16j -5.55111512e-17-3.38156712e-16j]\n",
            " [-6.44372160e-17+3.01676228e-16j  4.63331854e-16-1.86499288e-16j\n",
            "  -4.37188275e-16+8.76845194e-17j  8.26763550e-17+2.14308544e-17j\n",
            "  -9.56380926e-17-9.45221598e-17j  2.88173553e-16+1.04958760e-16j\n",
            "  -5.55111512e-17-3.38156712e-16j  1.00000000e+00+5.20005658e-16j]]\n",
            "----------------------------------------\n",
            "Results for M = 5:\n",
            "H^2 (Second power):\n",
            "[[ 3.66415269e-16-3.33066907e-16j -1.02737300e-16+2.78950544e-16j\n",
            "   5.59278579e-18-2.28983499e-16j  4.99183654e-17+1.65547190e-16j\n",
            "  -1.05429517e-16-1.17961196e-16j  1.60940668e-16+1.02892883e-16j\n",
            "   1.00000000e+00-6.90808457e-32j  1.33185092e-16-1.28915238e-17j]\n",
            " [-1.02737300e-16+2.82317860e-16j  5.59278579e-18-2.22044605e-16j\n",
            "   4.99183654e-17+1.64849796e-16j -1.05429517e-16-1.16615088e-16j\n",
            "   1.05429517e-16+5.38274932e-17j  1.00000000e+00-4.96739165e-33j\n",
            "   1.60940668e-16-2.29934717e-17j -1.05429517e-16+1.16615088e-16j]\n",
            " [ 5.59278579e-18-2.22044605e-16j  4.99183654e-17+1.61482480e-16j\n",
            "  -1.05429517e-16-1.11022302e-16j  1.05429517e-16+1.96261557e-17j\n",
            "   1.00000000e+00+3.67928000e-33j  1.05429517e-16-2.94392336e-17j\n",
            "  -1.05429517e-16+1.24900090e-16j  1.05429517e-16-1.72281822e-16j]\n",
            " [ 4.99183654e-17+1.65547190e-16j -1.05429517e-16-1.16615088e-16j\n",
            "   1.05429517e-16+1.96261557e-17j  1.00000000e+00+0.00000000e+00j\n",
            "   1.05429517e-16-1.96261557e-17j -1.05429517e-16+1.16615088e-16j\n",
            "   4.99183654e-17-1.65547190e-16j  5.59278579e-18+2.22044605e-16j]\n",
            " [-1.05429517e-16-1.24900090e-16j  1.05429517e-16+2.94392336e-17j\n",
            "   1.00000000e+00-3.67928000e-33j  1.05429517e-16-1.96261557e-17j\n",
            "  -1.05429517e-16+1.11022302e-16j  4.99183654e-17-1.61482480e-16j\n",
            "   5.59278579e-18+2.22044605e-16j -8.88595126e-17-2.85685176e-16j]\n",
            " [ 1.60940668e-16+2.29934717e-17j  1.00000000e+00+4.96739165e-33j\n",
            "   1.05429517e-16-5.38274932e-17j -1.05429517e-16+1.16615088e-16j\n",
            "   4.99183654e-17-1.64849796e-16j  5.59278579e-18+2.22044605e-16j\n",
            "  -1.02737300e-16-2.82317860e-16j  3.38659693e-16+3.27474122e-16j]\n",
            " [ 1.00000000e+00+0.00000000e+00j  1.48049144e-16-5.29745171e-17j\n",
            "  -1.05429517e-16+1.11022302e-16j  4.99183654e-17-1.65547190e-16j\n",
            "   5.59278579e-18+2.22044605e-16j -1.03723564e-16-2.84543330e-16j\n",
            "   3.33066907e-16+3.33066907e-16j -9.30233941e-16-3.75686535e-16j]\n",
            " [ 1.41892252e-16-6.84026750e-17j -1.05429517e-16+1.16615088e-16j\n",
            "   8.63811010e-17-1.72281822e-16j  5.59278579e-18+2.22044605e-16j\n",
            "  -9.75666726e-17-2.71807388e-16j  3.38659693e-16+3.27474122e-16j\n",
            "  -9.30233941e-16-3.75686535e-16j  1.00000000e+00+4.44089210e-16j]]\n",
            "H^4 (Fourth power):\n",
            "[[ 1.00000000e+00-3.21894902e-31j  3.08989812e-16+4.99183654e-17j\n",
            "  -2.10859033e-16-6.93889390e-18j  9.98367309e-17+2.32284585e-32j\n",
            "   1.11855716e-17-6.93889390e-18j -2.06460865e-16-5.59278579e-18j\n",
            "   6.99482176e-16+2.35860454e-32j -7.97048849e-16-3.88578059e-16j]\n",
            " [ 3.21881336e-16+1.34163304e-31j  1.00000000e+00-4.70080699e-32j\n",
            "   2.10859033e-16+2.98532720e-32j -2.10859033e-16-1.41919930e-32j\n",
            "   9.98367309e-17+2.18843822e-32j  1.11855716e-17-1.37903338e-32j\n",
            "  -2.05474601e-16-9.01892516e-32j  2.33230177e-16+4.44089210e-16j]\n",
            " [-2.10859033e-16-9.48276188e-32j  2.10859033e-16+3.31511990e-32j\n",
            "   1.00000000e+00-2.53815594e-32j  2.10859033e-16+1.22295186e-32j\n",
            "  -2.10859033e-16-1.64308112e-32j  9.98367309e-17-3.28336858e-32j\n",
            "   1.11855716e-17+1.00398824e-31j  1.65700040e-17-4.57966998e-16j]\n",
            " [ 9.98367309e-17+2.48513745e-32j -2.10859033e-16-1.35544422e-32j\n",
            "   2.10859033e-16+9.87840660e-33j  1.00000000e+00+2.48369582e-33j\n",
            "   2.10859033e-16-1.39310092e-32j -2.10859033e-16+7.55906105e-32j\n",
            "   9.98367309e-17-2.12354964e-31j  1.11855716e-17+4.44089210e-16j]\n",
            " [ 1.11855716e-17-9.80638141e-33j  9.98367309e-17+2.09588788e-32j\n",
            "  -2.10859033e-16-1.48921981e-32j  2.10859033e-16-1.24302613e-32j\n",
            "   1.00000000e+00+4.50548574e-32j  2.10859033e-16-1.40337861e-31j\n",
            "  -2.10859033e-16+3.60882785e-31j  1.65700040e-17-4.57966998e-16j]\n",
            " [-2.05474601e-16+5.34058400e-33j  1.11855716e-17+1.79167396e-32j\n",
            "   9.98367309e-17-3.78936266e-32j -2.10859033e-16+7.51834146e-32j\n",
            "   2.10859033e-16-1.25595808e-31j  1.00000000e+00+2.53406640e-31j\n",
            "   3.21881336e-16-5.32746376e-31j  2.33230177e-16+4.44089210e-16j]\n",
            " [ 6.99482176e-16+4.93038066e-32j -2.06460865e-16-5.59278579e-18j\n",
            "   1.11855716e-17-6.93889390e-18j  9.98367309e-17-1.97215226e-31j\n",
            "  -2.10859033e-16-6.93889390e-18j  3.08989812e-16+4.99183654e-17j\n",
            "   1.00000000e+00+8.59408148e-31j -7.97048849e-16-3.88578059e-16j]\n",
            " [-7.88341689e-16-4.44089210e-16j  2.33230177e-16+4.44089210e-16j\n",
            "  -1.11855716e-17-4.44089210e-16j  1.11855716e-17+4.44089210e-16j\n",
            "  -1.11855716e-17-4.44089210e-16j  2.33230177e-16+4.44089210e-16j\n",
            "  -7.88341689e-16-4.44089210e-16j  1.00000000e+00+8.88178420e-16j]]\n",
            "----------------------------------------\n",
            "Results for M = 6:\n",
            "H^2 (Second power):\n",
            "[[ 4.30074351e-16+7.77690373e-17j -2.74508373e-16-3.24136290e-17j\n",
            "   1.89990402e-16+4.36648753e-17j -1.31476058e-16-4.84435131e-17j\n",
            "   2.25151126e-16+6.95176833e-17j -2.24684871e-16-3.96018515e-17j\n",
            "   1.13358803e-16+2.65669691e-17j  1.00000000e+00+2.15390339e-17j]\n",
            " [-2.74508373e-16-5.51352070e-17j  2.36164436e-16-1.65705782e-17j\n",
            "  -8.99243312e-17+6.19020333e-18j  1.02476007e-16+3.57575682e-17j\n",
            "  -5.33149232e-18-3.01619239e-17j  9.68632251e-17-7.68758447e-18j\n",
            "   1.00000000e+00+2.50627853e-17j  9.43448150e-17-1.94500034e-17j]\n",
            " [ 1.89990402e-16+4.79968862e-17j -8.99243312e-17+1.54473174e-17j\n",
            "  -3.76230695e-17-1.77607577e-18j -7.03477091e-17-1.66941483e-17j\n",
            "   2.87143457e-17+3.18781091e-17j  1.00000000e+00+5.16281813e-18j\n",
            "   7.72669255e-17-1.23082582e-17j -2.25905254e-16-5.40291570e-17j]\n",
            " [-1.31476058e-16-3.11917165e-17j  1.02476007e-16+1.82902746e-17j\n",
            "  -7.03477091e-17-1.92888092e-17j  5.43109931e-17-6.35726786e-18j\n",
            "   1.00000000e+00+5.81626047e-19j  2.87143457e-17-1.92888092e-17j\n",
            "  -1.07822684e-18-2.33430889e-17j  2.20897860e-16+4.89397363e-17j]\n",
            " [ 2.25151126e-16+4.50695043e-17j -5.33149232e-18-3.21680624e-17j\n",
            "   2.87143457e-17+1.92888092e-17j  1.00000000e+00-5.81626047e-19j\n",
            "   5.43109931e-17+6.35726786e-18j -7.03477091e-17+1.92888092e-17j\n",
            "   9.82227415e-17-4.41248677e-18j -1.30692240e-16-3.50619485e-17j]\n",
            " [-2.24684871e-16-6.36352279e-18j  9.68632251e-17+8.16971972e-17j\n",
            "   1.00000000e+00-5.16281813e-18j  2.87143457e-17-3.18781091e-17j\n",
            "  -7.03477091e-17+1.66941483e-17j -3.76230695e-17+1.77607577e-18j\n",
            "  -9.11447133e-17+1.23082582e-17j  1.91210784e-16+2.62735814e-17j]\n",
            " [ 1.15501811e-16+1.30970557e-17j  1.00000000e+00+2.20370639e-17j\n",
            "   6.81392934e-17+1.07441541e-17j  9.03645361e-18-2.42264744e-17j\n",
            "   9.44596341e-17-5.29587236e-18j -7.25167699e-17+3.53606704e-17j\n",
            "   2.22044605e-16-1.99292306e-17j -2.88727915e-16-5.95952336e-17j]\n",
            " [ 1.00000000e+00+8.90567015e-18j  1.10042969e-16-2.29512260e-17j\n",
            "  -2.06121077e-16-1.76490689e-17j  2.16487361e-16+4.42944703e-17j\n",
            "  -1.28163845e-16-2.58294266e-17j  1.83239385e-16+7.14251828e-18j\n",
            "  -2.88727915e-16-5.95952336e-17j  3.88578059e-16+2.47432342e-17j]]\n",
            "H^4 (Fourth power):\n",
            "[[ 1.00000000e+00+3.04447040e-17j  2.23401772e-16+3.61574312e-18j\n",
            "  -4.30805949e-16-5.72509204e-17j  4.41638487e-16+1.13812154e-16j\n",
            "  -2.59639903e-16-7.42729397e-17j  3.73229787e-16+5.08073936e-17j\n",
            "  -5.63236287e-16-9.20088627e-17j  8.18652409e-16+1.02512272e-16j]\n",
            " [ 2.09846626e-16-6.35294773e-18j  1.00000000e+00+4.70998491e-17j\n",
            "   1.65002518e-16+3.05656958e-18j  3.70496129e-18-5.43883984e-17j\n",
            "   1.96935641e-16+3.04616958e-17j -1.62441101e-16+4.15508737e-17j\n",
            "   4.58209041e-16-3.64998088e-17j -5.63236287e-16-1.14730441e-16j]\n",
            " [-4.50590125e-16-6.03926798e-17j  1.74130151e-16+6.93889390e-17j\n",
            "   1.00000000e+00+3.45715406e-32j  5.74286914e-17-3.84876108e-32j\n",
            "  -1.40695418e-16+3.97860222e-32j -7.52461390e-17-2.52286451e-32j\n",
            "  -1.81069045e-16+2.77555756e-17j  3.81201186e-16+7.42704676e-17j]\n",
            " [ 4.46048986e-16+9.40092405e-17j -6.40971917e-18-5.55111512e-17j\n",
            "   5.74286914e-17-2.88542705e-32j  1.00000000e+00+3.65719214e-32j\n",
            "   1.08621986e-16-3.45855794e-32j -1.40695418e-16+2.62018313e-32j\n",
            "   2.00698748e-16+1.38777878e-17j -2.62168298e-16-6.62536649e-17j]\n",
            " [-2.62168298e-16-6.62536649e-17j  2.00698748e-16+1.38777878e-17j\n",
            "  -1.40695418e-16+2.97171868e-32j  1.08621986e-16-3.52786726e-32j\n",
            "   1.00000000e+00+3.26969948e-32j  5.74286914e-17-2.63423885e-32j\n",
            "  -6.40971917e-18-5.55111512e-17j  4.46048986e-16+9.40092405e-17j]\n",
            " [ 3.81201186e-16+7.42704676e-17j -1.81069045e-16+2.77555756e-17j\n",
            "  -7.52461390e-17-2.53058236e-32j -1.40695418e-16+3.74441605e-32j\n",
            "   5.74286914e-17-2.80671574e-32j  1.00000000e+00+1.54517735e-32j\n",
            "   1.74130151e-16+6.93889390e-17j -4.50590125e-16-6.03926798e-17j]\n",
            " [-5.63236287e-16-1.14730441e-16j  4.58209041e-16-3.64998088e-17j\n",
            "  -1.62441101e-16+4.15508737e-17j  1.96935641e-16+3.04616958e-17j\n",
            "   3.70496129e-18-5.43883984e-17j  1.65002518e-16+3.05656958e-18j\n",
            "   1.00000000e+00+4.70998491e-17j  2.09846626e-16-6.35294773e-18j]\n",
            " [ 8.18652409e-16+1.02512272e-16j -5.63236287e-16-9.20088627e-17j\n",
            "   3.73229787e-16+5.08073936e-17j -2.59639903e-16-7.42729397e-17j\n",
            "   4.41638487e-16+1.13812154e-16j -4.30805949e-16-5.72509204e-17j\n",
            "   2.23401772e-16+3.61574312e-18j  1.00000000e+00+3.04447040e-17j]]\n",
            "----------------------------------------\n",
            "Results for M = 7:\n",
            "H^2 (Second power):\n",
            "[[ 1.00000000e+00+4.44089210e-16j -9.04028736e-16-3.66979375e-16j\n",
            "   3.27474122e-16+3.38659693e-16j -7.78072290e-17-2.90038756e-16j\n",
            "  -5.59278579e-18+2.22044605e-16j  8.83177008e-17-1.67519718e-16j\n",
            "  -1.16615088e-16+1.05429517e-16j  1.50274614e-16-8.12941988e-18j]\n",
